cova=[1 0.646687900976095 0.686815029195937 0.445716035532842 0.786425276263434 0.437232717857406 0.439780650605974 0.701311755457254 0.57635920393054 0.44296049137226
0.646687900976095 1 0.75047942607273 0.288435275272244 0.532729420752751 0.592551300967742 0.679944086962346 0.514017442619253 0.376113714512208 0.626191864394216
0.686815029195937 0.75047942607273 0.99999865585614 0.322393902222855 0.629857232229802 0.444791641593239 0.558205410470006 0.490198364032628 0.439737541688365 0.632309195554803
0.445716035532842 0.288435275272244 0.322393902222855 0.99999865585614 0.509678097657353 0.212625724751307 0.196123219823394 0.490316153564421 0.709675563736769 0.203855262783624
0.786425276263434 0.532729420752751 0.629857232229802 0.509678097657353 1 0.345050792049102 0.36642277089828 0.610681711438723 0.697346464882231 0.398778509439082
0.437232717857406 0.592551300967742 0.444791641593239 0.212625724751307 0.345050792049102 1 0.6118301657595 0.429412704536913 0.256136983635375 0.43804944687928
0.439780650605974 0.679944086962346 0.558205410470006 0.196123219823394 0.36642277089828 0.6118301657595 1 0.358954446562308 0.257035529239854 0.695009477970135
0.701311755457254 0.514017442619253 0.490198364032628 0.490316153564421 0.610681711438723 0.429412704536913 0.358954446562308 1 0.543841623480445 0.328702604955391
0.57635920393054 0.376113714512208 0.439737541688365 0.709675563736769 0.697346464882231 0.256136983635375 0.257035529239854 0.543841623480445 0.99999865585614 0.279005247101719
0.44296049137226 0.626191864394216 0.632309195554803 0.203855262783624 0.398778509439082 0.43804944687928 0.695009477970135 0.328702604955391 0.279005247101719 1];
