Z=[-0.788493895276293 0.703673079805572 1.27457291385536 -0.544677048651387 -2.57843614037921 1.41796893895252 -0.929346478221447 0.084879893073441 -0.774729849597278 -0.78776654585701
-1.32478212503048 0.435001401641063 1.11981310689353 1.09553867346312 -1.27501211779994 1.30610048669975 -0.378260129500752 0.779594578739589 0.43952559976753 -1.53170402987404
-1.00136903763839 -0.159328458980459 1.83297709368828 -0.152729915899304 -1.50442039402892 -0.450236501280776 -0.558629843871903 -0.339876841792943 -0.915293815363893 -0.523326517450876
-0.919503156316905 -0.0094608729463225 2.82901885079767 -0.874580601074944 -2.33415914400688 -1.47957172666194 -1.50542244778464 0.690972975641348 -1.08991040840178 -0.107172086945141
-1.85924789367361 1.56919937552244 1.59705845093069 -0.0422235345211493 -2.57272525427863 0.96972820956773 2.16007629477509 0.581789419846204 -1.11025618585130 -1.85814988397718
-1.65089294947906 0.918841457136271 1.26432373241784 0.089571688851032 -1.93606806066669 0.00176988204495933 1.54115776125846 0.981162661127823 -0.229373172670579 -0.974137969945427
-0.696259017720218 0.91136003880062 0.396128007090506 -0.04662298361487 -2.22857830073966 -0.371226174309621 1.15793352916446 0.359942589862786 -1.08215828075584 -0.37419803801658
-0.604815792901481 -0.0493115055552741 0.699740247395695 0.801501680038555 -1.19917076663761 0.402883224192577 0.194338041265427 0.541207731973134 -0.727003034127508 -0.128861936751544
-0.955072334596684 1.18765952132572 -0.375820969251444 0.0362852649228608 -1.78607475840603 -1.14510535043337 1.69384106715120 1.09968620441966 -0.269725414777426 -1.32558844749239
-0.62039320094778 -0.193744620706567 0.229324541555850 -0.0534358669083121 -1.09887309618330 0.49455565604163 0.156227453892823 -0.830535226829382 -1.73852438315748 -1.99252534445159
-0.281002250941265 0.749657702227045 0.389131337618248 0.267738196040416 -2.43515351933685 0.554208535837819 1.38802541291162 1.51032010926201 0.358526877716164 -0.468878193020087
0.288847021325898 1.38471244364179 1.55215621230429 0.67861782133849 -1.74408645445487 0.083631000174013 2.46011697586854 0.05385849204358 -0.074384664731516 -1.01081391642636
-0.710413125784926 -0.483697494113187 0.257538260501924 0.51822688158313 -1.37217037911084 -1.01377368942824 1.40271160267503 1.17481615562206 -0.466437268898005 -1.48984913131736
-1.03344324403353 0.617847851664557 0.92732277359509 0.713711398810903 -1.46589032140105 -0.150181653578516 1.89177917230482 -1.68220038437630 1.02933716423106 -1.25905962975123
-1.01991874498473 -1.49494449587658 0.932214820918997 0.396721402556328 -1.19503961572755 -0.239542405702272 0.608362774926162 -2.11719254210186 1.00451291566068 0.327432586877264
0.37627478540549 -0.117089799135641 -0.6056332299589 0.308745714637596 -0.712476683807704 -1.39133239356956 0.867257735986296 -1.41298503564843 -0.454864963850137 -0.514626644566037
0.585459734389373 0.756359065609719 0.656574702023516 0.626860310711401 0.152137929865419 0.0134349712749856 0.72094272389864 -1.82956793106910 -0.965038638118149 -1.41318448364547
0.414429891318755 0.0814823555117243 1.24290830085455 0.649884535823153 0.620041256712626 -0.459021600055382 -0.150387977597983 -1.25485038737382 0.980196830071985 -0.886449493992028
-0.781820107438392 0.679511599920276 2.66634802278774 0.122170427311907 0.954339059348012 -0.360268603440747 -0.395854098452980 -2.50157728682052 1.00164831310170 0.218930463664936
0.463916636897944 -1.33388535027163 1.43578159198469 -0.0839939414414513 -0.237223296705353 -1.02354337953040 -0.611528808500623 -2.36212079103554 0.264535537504946 -0.147290684716003
1.82084601447108 0.707014699998518 2.31960228704755 0.716805429027164 -0.848890529227975 0.685603373265515 0.0538149871774566 -1.97788591086463 -0.717234546865008 -0.449869315560658
0.224274476460983 0.308755258464433 0.98411335988261 1.18077543429871 0.145998363766580 1.39827456290953 -0.104283612133143 -1.25887939177878 0.842610075394777 1.36258719328414
0.759367123244609 -1.46350211593832 1.78940866207486 -0.314006300484185 0.00226902161866542 -1.28979598929439 -0.191384585858511 -0.38687898145549 -0.67128363622201 1.52187611279426
-0.202994143620232 -1.85995221682814 -0.249892862870551 -0.695951103892229 0.460012297503655 -0.86654704041213 1.45446701815913 -1.56140218599337 0.380490438751839 1.46448802143683
1.20762184274553 0.211181208612445 -0.458241890469967 1.04472470176989 -0.834460210609009 1.34116348889835 0.0297747806898491 -0.720180960982304 0.0979403958145948 -0.097044731553732
-0.0649044526797247 1.30736701563849 2.12463113470602 0.364057646191854 0.536729572376107 0.278274250269733 -0.0767714336376494 -0.580638517564207 -1.30967364892428 1.01491963518752
0.994386842882293 -0.85693963801297 0.976988331854522 -0.0587334461276961 1.88238558843520 -0.165124510426159 -0.70370926058534 -0.0607472108626095 -0.576767444977683 -0.0271640941481722
0.146143734608190 -1.77230191985274 1.32176240767040 0.44677273837525 0.554543418988427 0.616727267503397 -0.305813184082976 -2.27001976985917 0.270844203367072 0.463446499652172
0.961164468492097 0.608411572346951 -0.655786402524531 -0.805888196413541 0.348096801484232 -0.097169321848472 0.203318902128522 -0.0531216830419947 0.0469040310587995 -0.160469571866869
1.53603869156626 0.74108138685757 0.238496588780542 0.60808629166119 1.49953712976665 0.568389285497634 0.885714113307944 -1.50976951405374 0.497408493247946 0.244116350022334
-0.90860198292105 -0.401468837159225 1.21058201018178 -1.50813994084041 2.49917000583559 -1.55412801148230 -0.704167260510139 0.0420728509957167 -0.201165091176519 -0.865937754496941
0.279724792254461 -1.05253293534557 -0.653070964560592 -0.189057222199969 2.06769985143937 -0.739913269966281 -1.27651331316043 0.438270315724929 -0.678995688038161 -1.04527157734682
-0.995528702375984 -0.216217369871992 1.36995621194852 -0.225467235936849 1.23934477053455 -0.298596166332391 -0.640617838363356 1.01539026108256 -1.00995136957492 -0.630588101639
0.0623905421118769 -0.324635071671329 -0.32505700986735 0.742138333878722 1.59725738000935 -1.20485537307836 -1.51196755641860 1.20865149761129 -1.64526811629296 -0.613148489159018
-0.0865170362299741 -0.3714830838792 -0.204594823263688 -2.85370085770399 1.68821249821923 -0.255077926605553 -1.03898100590696 0.92189253431435 -0.830468886234805 -1.70441537043112
-0.201757112035181 -0.266086019980574 -1.18005531163574 0.0355105551222931 0.88302731778461 -0.367819803137330 -1.05697187437981 0.731714706689743 -2.36836832409119 -0.881659933964649
0.752461298814913 -1.1149122806708 0.896572765080195 -2.02233371107790 2.09211829865169 -0.459826563065201 -0.560939599096234 1.30556438112356 -0.448803563486222 0.142798101587037
0.94058637342057 -1.30338354450569 0.528366098214045 -1.90424673473425 2.50152683807771 -0.602092159987931 0.0175119355085462 0.820609331382864 -1.41547040693117 1.02818297434545
0.253699072042711 0.365247800473644 0.692874891674611 -0.580883996017248 1.16249459085767 1.03391021242367 0.801770397553727 0.79980059779414 -1.56230075944043 -0.920400147962153
-0.0646376985358253 -0.240843750218413 0.582754310735184 -2.11586978591086 1.75085345032489 -2.66217965684922 1.51431944932574 0.178274044904885 0.0213117374184047 0.55769457952044
-0.230377158608337 -0.645556210123218 -0.212415070271665 -1.12026263327328 -1.71379236342553 -1.84852721072548 0.567528086495315 -1.20691764643695 0.524601119122924 0.95979057980284
1.06740288832981 -0.496260262542395 -0.438444391626934 1.17675749725425 -1.95325083077242 -1.86753528124117 0.212192813956959 -0.425025954269585 -0.291143610211395 -0.237688792550707
1.23493125593307 0.377654243344872 1.37849680084274 -0.417540795427515 -1.45680458121607 -2.52878983556371 0.460607145342866 2.46346960330801 -0.553362300078104 -1.02958219413597
0.0406645353091731 0.524802488530383 1.84319767102541 -0.585338467826228 -1.04949732751729 -2.08736181130532 0.902647269364156 -0.183875793989162 -0.332287971207814 -1.20079677199443
